280.0468975468976            0.0018115942028984477
280.43771043771045            0.0034889962426194465
280.8886483886484            0.0018115942028984477
281.36964886964887            0.005166398282340223
281.8506493506494            0.005166398282340223
282.36171236171236            0.006843800322061222
282.81265031265036            0.006843800322061222
283.1734006734007            0.016908212560386326
283.41390091390093            0.03535963499731598
283.5341510341511            0.06387546967257118
283.5942760942761            0.08903650026838428
283.65440115440117            0.11922973698336015
283.71452621452624            0.15948738593666123
283.80471380471386            0.19974503488996243
283.83477633477634            0.23664787976382173
283.8949013949014            0.27187332259796027
283.8949013949014            0.3054213633923779
283.9550264550265            0.332259796027912
283.985088985089            0.36245303274288776
284.0452140452141            0.39096886741814274
284.1053391053391            0.4077428878153515
284.1654641654642            0.41445249597423506
284.2556517556518            0.3976784755770263
284.31577681577687            0.37587224906065486
284.3759018759019            0.34903381642512077
284.43602693602696            0.3289049919484702
284.49615199615204            0.30206655931293613
284.5562770562771            0.27522812667740204
284.6164021164021            0.25845410628019316
284.7366522366523            0.24503488996242617
284.91702741702744            0.26013150831991416
285.0974025974026            0.2685185185185185
285.21765271765275            0.29032474503489003
285.2477152477153            0.3154857756307031
285.33790283790285            0.33561460010735367
285.3980278980279            0.3574208266237252
285.51827801827807            0.36748523886205053
285.63852813852816            0.35071121846484166
285.6685906685907            0.32555018786902845
285.78884078884084            0.2953569511540526
285.8790283790284            0.2685185185185185
285.99927849927855            0.2416800858829845
286.1495911495912            0.20813204508856686
286.2698412698413            0.19639023081052065
286.4502164502165            0.19471282877079976
286.5704665704666            0.20813204508856686
286.72077922077926            0.23497047772410096
286.84102934102935            0.2701959205582394
286.99134199134204            0.30206655931293613
287.11159211159213            0.33729200214707455
287.2318422318423            0.3691626409017713
287.35209235209237            0.3976784755770263
287.50240500240506            0.43122651637144394
287.6527176527177            0.4597423510466988
287.83309283309285            0.4882581857219538
287.953342953343            0.5
288.1036556036556            0.5050322061191627
288.2239057239058            0.4983225979602791
288.2840307840308            0.47819377348362846
288.40428090428094            0.45303274288781537
288.52453102453103            0.42954911433172294
288.6447811447812            0.40606548577563073
288.82515632515634            0.3809044551798174
289.0656565656566            0.36580783682232954
289.33621933621936            0.35238862050456243
289.6669071669072            0.3473564143853999
290.02765752765754            0.35071121846484166
290.32828282828285            0.36413043478260876
290.7190957190958            0.37754965110037564
291.01972101972103            0.39096886741814274
291.3804713804714            0.4094202898550725
291.68109668109673            0.42954911433172294
291.921596921597            0.45303274288781537
292.22222222222223            0.4748389694041868
292.46272246272247            0.49329039184111645
292.7633477633478            0.5067096081588834
293.03391053391056            0.5167740203972088

