  2.694001E+02	 	  5.375726E-03	
  2.695591E+02	 	  4.517277E-03	
  2.697191E+02	 	  1.272658E-04	
  2.698781E+02	 	  2.652724E-03	
  2.700381E+02	 	  1.565746E-03	
  2.701971E+02	 	  2.866144E-03	
  2.703561E+02	 	 -1.253128E-03	
  2.705161E+02	 	  4.493373E-05	
  2.706751E+02	 	  1.451460E-03	
  2.708341E+02	 	  3.333842E-04	
  2.709941E+02	 	  1.419378E-03	
  2.711531E+02	 	 -1.223785E-03	
  2.713121E+02	 	  1.118708E-04	
  2.714721E+02	 	  6.342728E-04	
  2.716311E+02	 	  2.554071E-03	
  2.717911E+02	 	 -1.209098E-03	
  2.719501E+02	 	 -1.838861E-03	
  2.721091E+02	 	 -8.927697E-04	
  2.722691E+02	 	  3.991479E-04	
  2.724281E+02	 	 -6.483484E-04	
  2.725871E+02	 	 -1.879861E-03	
  2.727471E+02	 	 -5.608153E-04	
  2.729061E+02	 	 -5.473089E-04	
  2.730651E+02	 	  1.049829E-03	
  2.732251E+02	 	  2.490440E-04	
  2.733841E+02	 	  2.462576E-03	
  2.735441E+02	 	  4.390381E-03	
  2.737031E+02	 	 -3.737245E-04	
  2.738621E+02	 	 -8.182394E-04	
  2.740221E+02	 	  1.854190E-04	
  2.741811E+02	 	  1.887466E-03	
  2.743401E+02	 	  2.785064E-03	
  2.745001E+02	 	  2.999987E-03	
  2.746591E+02	 	  1.868424E-03	
  2.748181E+02	 	  2.929770E-03	
  2.749781E+02	 	  3.880507E-04	
  2.751371E+02	 	  2.309037E-03	
  2.752961E+02	 	  2.507804E-03	
  2.754561E+02	 	 -5.859907E-04	
  2.756151E+02	 	 -4.227996E-04	
  2.757751E+02	 	  1.696104E-03	
  2.759341E+02	 	  2.912792E-03	
  2.760931E+02	 	 -2.177845E-04	
  2.762531E+02	 	  3.511777E-03	
  2.764121E+02	 	  6.859386E-04	
  2.765711E+02	 	  5.660472E-04	
  2.767311E+02	 	  3.743825E-04	
  2.768901E+02	 	  2.257552E-03	
  2.770491E+02	 	  1.467336E-03	
  2.772091E+02	 	 -4.991558E-04	
  2.773681E+02	 	  1.918510E-03	
  2.775281E+02	 	  2.450490E-04	
  2.776871E+02	 	  1.543025E-03	
  2.778461E+02	 	  1.145350E-03	
  2.780061E+02	 	  1.059059E-03	
  2.781651E+02	 	  8.881031E-04	
  2.783241E+02	 	  8.754686E-04	
  2.784841E+02	 	  5.387015E-04	
  2.786431E+02	 	  9.311415E-04	
  2.788021E+02	 	 -3.973679E-04	
  2.789621E+02	 	 -2.387986E-04	
  2.791211E+02	 	  7.583253E-04	
  2.792811E+02	 	  1.406608E-03	
  2.794401E+02	 	  2.106056E-03	
  2.795991E+02	 	  8.339052E-05	
  2.797591E+02	 	 -2.487279E-04	
  2.799181E+02	 	  3.277199E-04	
  2.800771E+02	 	  3.015374E-03	
  2.802371E+02	 	  2.153207E-03	
  2.803961E+02	 	  2.643865E-03	
  2.805551E+02	 	  2.746757E-03	
  2.807151E+02	 	  6.623274E-04	
  2.808741E+02	 	  2.484796E-03	
  2.810341E+02	 	  4.357386E-03	
  2.811931E+02	 	  3.332249E-04	
  2.813521E+02	 	  1.579883E-03	
  2.815121E+02	 	  8.516307E-04	
  2.816711E+02	 	  1.041592E-03	
  2.818301E+02	 	  1.097692E-03	
  2.819901E+02	 	  4.795529E-03	
  2.821491E+02	 	  2.840834E-03	
  2.823081E+02	 	  1.886974E-03	
  2.824681E+02	 	  5.887627E-03	
  2.826271E+02	 	  6.400509E-03	
  2.827871E+02	 	  8.528117E-03	
  2.829461E+02	 	  9.557095E-03	
  2.831051E+02	 	  1.010284E-02	
  2.832651E+02	 	  1.468736E-02	
  2.834241E+02	 	  2.160970E-02	
  2.835831E+02	 	  3.819386E-02	
  2.837431E+02	 	  6.478075E-02	
  2.839021E+02	 	  1.133104E-01	
  2.840611E+02	 	  2.002938E-01	
  2.842211E+02	 	  3.464044E-01	
  2.843801E+02	 	  5.657713E-01	
  2.845401E+02	 	  8.122362E-01	
  2.846991E+02	 	  1.031178E+00	
  2.848581E+02	 	  1.156772E+00	
  2.850181E+02	 	  1.170482E+00	
  2.851771E+02	 	  1.057740E+00	
  2.853361E+02	 	  8.859776E-01	
  2.854961E+02	 	  6.805318E-01	
  2.856551E+02	 	  5.097189E-01	
  2.858141E+02	 	  3.877158E-01	
  2.859741E+02	 	  3.275309E-01	
  2.861331E+02	 	  3.412407E-01	
  2.862931E+02	 	  4.564568E-01	
  2.864521E+02	 	  6.891184E-01	
  2.866111E+02	 	  1.034115E+00	
  2.867711E+02	 	  1.442187E+00	
  2.869301E+02	 	  1.776975E+00	
  2.870891E+02	 	  1.926677E+00	
  2.872491E+02	 	  1.883179E+00	
  2.874081E+02	 	  1.678541E+00	
  2.875671E+02	 	  1.403770E+00	
  2.877271E+02	 	  1.133654E+00	
  2.878861E+02	 	  9.230878E-01	
  2.880461E+02	 	  7.697548E-01	
  2.882051E+02	 	  6.917813E-01	
  2.883641E+02	 	  6.481470E-01	
  2.885241E+02	 	  6.298321E-01	
  2.886831E+02	 	  6.196305E-01	
  2.888421E+02	 	  6.379060E-01	
  2.890021E+02	 	  7.038360E-01	
  2.891611E+02	 	  8.214321E-01	
  2.893201E+02	 	  9.708707E-01	
  2.894801E+02	 	  1.117871E+00	
  2.896391E+02	 	  1.190060E+00	
  2.897991E+02	 	  1.210670E+00	
  2.899581E+02	 	  1.180932E+00	
  2.901171E+02	 	  1.137821E+00	
  2.902771E+02	 	  1.094445E+00	
  2.904361E+02	 	  1.036481E+00	
  2.905951E+02	 	  9.839092E-01	
  2.907551E+02	 	  9.207601E-01	
  2.909141E+02	 	  8.731353E-01	
  2.910731E+02	 	  8.238845E-01	
  2.912331E+02	 	  8.120940E-01	
  2.913921E+02	 	  8.445733E-01	
  2.915521E+02	 	  8.712984E-01	
  2.917111E+02	 	  9.045710E-01	
  2.918701E+02	 	  9.225698E-01	
  2.920301E+02	 	  9.214521E-01	
  2.921891E+02	 	  9.121721E-01	
  2.923481E+02	 	  9.087845E-01	
  2.925081E+02	 	  9.188291E-01	
  2.926671E+02	 	  9.422326E-01	
  2.928261E+02	 	  9.718639E-01	
  2.929861E+02	 	  9.919344E-01	
  2.931451E+02	 	  1.021023E+00	
  2.933041E+02	 	  1.061096E+00	
  2.934641E+02	 	  1.093298E+00	
  2.936231E+02	 	  1.122734E+00	
  2.937831E+02	 	  1.140746E+00	
  2.939421E+02	 	  1.167174E+00	
  2.941011E+02	 	  1.183321E+00	
  2.942611E+02	 	  1.204096E+00	
  2.944201E+02	 	  1.203582E+00	
  2.945791E+02	 	  1.201387E+00	
  2.947391E+02	 	  1.195195E+00	
  2.948981E+02	 	  1.180294E+00	
  2.950571E+02	 	  1.181629E+00	
  2.952171E+02	 	  1.174121E+00	
  2.953761E+02	 	  1.163585E+00	
  2.955361E+02	 	  1.156404E+00	
  2.956951E+02	 	  1.163721E+00	
  2.958541E+02	 	  1.155340E+00	
  2.960141E+02	 	  1.156633E+00	
  2.961731E+02	 	  1.167490E+00	
  2.963321E+02	 	  1.169728E+00	
  2.964921E+02	 	  1.168556E+00	
  2.966511E+02	 	  1.172981E+00	
  2.968101E+02	 	  1.178189E+00	
  2.969701E+02	 	  1.167742E+00	
  2.971291E+02	 	  1.171240E+00	
  2.972891E+02	 	  1.172498E+00	
  2.974481E+02	 	  1.167406E+00	
  2.976071E+02	 	  1.167875E+00	
  2.977671E+02	 	  1.174276E+00	
  2.979261E+02	 	  1.170841E+00	
  2.980851E+02	 	  1.170293E+00	
  2.982451E+02	 	  1.162011E+00	
  2.984041E+02	 	  1.176204E+00	
  2.985631E+02	 	  1.181757E+00	
  2.987231E+02	 	  1.187509E+00	
  2.988821E+02	 	  1.184993E+00	
  2.990421E+02	 	  1.193966E+00	
  2.992011E+02	 	  1.193475E+00	
  2.993601E+02	 	  1.196717E+00	
  2.995201E+02	 	  1.197708E+00	
  2.996791E+02	 	  1.189260E+00	
  2.998381E+02	 	  1.178158E+00	
  2.999981E+02	 	  1.177500E+00	
  3.001571E+02	 	  1.171909E+00	
  3.003161E+02	 	  1.159353E+00	
  3.004761E+02	 	  1.145017E+00	
  3.006351E+02	 	  1.146701E+00	
  3.007951E+02	 	  1.139288E+00	
  3.009541E+02	 	  1.129979E+00	
  3.011131E+02	 	  1.132023E+00	
  3.012731E+02	 	  1.120748E+00	
  3.014321E+02	 	  1.115147E+00	
  3.015911E+02	 	  1.111272E+00	
  3.017511E+02	 	  1.114726E+00	
  3.019101E+02	 	  1.103372E+00	
  3.020691E+02	 	  1.103490E+00	
  3.022291E+02	 	  1.097760E+00	
  3.023881E+02	 	  1.082662E+00	
  3.025481E+02	 	  1.077703E+00	
  3.027071E+02	 	  1.075258E+00	
  3.028661E+02	 	  1.065800E+00	
  3.030261E+02	 	  1.045763E+00	
  3.031851E+02	 	  1.044449E+00	
  3.033441E+02	 	  1.036923E+00	
  3.035041E+02	 	  1.032968E+00	
  3.036631E+02	 	  1.023357E+00	
  3.038221E+02	 	  1.011564E+00	
  3.039821E+02	 	  1.008478E+00	
  3.041411E+02	 	  1.004522E+00	
  3.043011E+02	 	  9.908181E-01	
  3.044601E+02	 	  9.855933E-01	
  3.046191E+02	 	  9.774425E-01	
  3.047791E+02	 	  9.749389E-01	
  3.049381E+02	 	  9.653057E-01	
  3.050971E+02	 	  9.591696E-01	
  3.052571E+02	 	  9.548969E-01	
  3.054161E+02	 	  9.550003E-01	
  3.055751E+02	 	  9.421561E-01	
  3.057351E+02	 	  9.394220E-01	
  3.058941E+02	 	  9.300943E-01	
  3.060541E+02	 	  9.241229E-01	
  3.062131E+02	 	  9.226662E-01	
  3.063721E+02	 	  9.185372E-01	
  3.065321E+02	 	  9.081389E-01	
  3.066911E+02	 	  9.166150E-01	
  3.068501E+02	 	  9.063329E-01	
  3.070101E+02	 	  9.031392E-01	
  3.071691E+02	 	  9.012716E-01	
  3.073281E+02	 	  9.084591E-01	
  3.074881E+02	 	  8.867108E-01	
  3.076471E+02	 	  8.947952E-01	
  3.078071E+02	 	  8.924128E-01	
  3.079661E+02	 	  8.856009E-01	
  3.081251E+02	 	  8.834049E-01	
  3.082851E+02	 	  8.740096E-01	
  3.084441E+02	 	  8.729709E-01	
  3.086031E+02	 	  8.597972E-01	
  3.087631E+02	 	  8.617992E-01	
  3.089221E+02	 	  8.600800E-01	
  3.090811E+02	 	  8.584199E-01	
  3.092411E+02	 	  8.556728E-01	
  3.094001E+02	 	  8.588554E-01	
  3.095601E+02	 	  8.611141E-01	
  3.097191E+02	 	  8.469530E-01	
  3.098781E+02	 	  8.501608E-01	
  3.100381E+02	 	  8.504564E-01	
  3.101971E+02	 	  8.398356E-01	
  3.103561E+02	 	  8.450710E-01	
  3.105161E+02	 	  8.395320E-01	
  3.106751E+02	 	  8.374926E-01	
  3.108341E+02	 	  8.429256E-01	
  3.109941E+02	 	  8.403409E-01	
  3.111531E+02	 	  8.269179E-01	
  3.113121E+02	 	  8.188696E-01	
  3.114721E+02	 	  8.287743E-01	
  3.116311E+02	 	  8.208521E-01	
  3.117911E+02	 	  8.179910E-01	
  3.119501E+02	 	  8.227565E-01	
  3.121091E+02	 	  8.166117E-01	
  3.122691E+02	 	  8.140935E-01	
  3.124281E+02	 	  8.146119E-01	
  3.125871E+02	 	  8.155216E-01	
  3.127471E+02	 	  8.092584E-01	
  3.129061E+02	 	  8.123465E-01	
  3.130651E+02	 	  8.036106E-01	
  3.132251E+02	 	  8.011534E-01	
  3.133841E+02	 	  7.975471E-01	
  3.135441E+02	 	  8.047491E-01	
  3.137031E+02	 	  8.054484E-01	
  3.138621E+02	 	  8.047888E-01	
  3.140221E+02	 	  8.022798E-01	
  3.141811E+02	 	  7.930346E-01	
  3.143401E+02	 	  7.971953E-01	
  3.145001E+02	 	  8.011923E-01	
  3.146591E+02	 	  7.948620E-01	
  3.148181E+02	 	  7.922729E-01	
  3.149781E+02	 	  7.924714E-01	
  3.151371E+02	 	  7.825541E-01	
  3.152971E+02	 	  7.887337E-01	
  3.154561E+02	 	  7.837844E-01	
  3.156151E+02	 	  7.864532E-01	
  3.157751E+02	 	  7.813652E-01	
  3.159341E+02	 	  7.823510E-01	
  3.160931E+02	 	  7.848858E-01	
  3.162531E+02	 	  7.844802E-01	
  3.164121E+02	 	  7.857972E-01	
  3.165711E+02	 	  7.886555E-01	
  3.167311E+02	 	  7.795552E-01	
  3.168901E+02	 	  7.788652E-01	
  3.170501E+02	 	  7.749151E-01	
  3.172091E+02	 	  7.840524E-01	
  3.173681E+02	 	  7.813543E-01	
  3.175281E+02	 	  7.694196E-01	
  3.176871E+02	 	  7.710901E-01	
  3.178461E+02	 	  7.702654E-01	
  3.180061E+02	 	  7.697672E-01	
  3.181651E+02	 	  7.663835E-01	
  3.183241E+02	 	  7.674212E-01	
  3.184841E+02	 	  7.697074E-01	
  3.186431E+02	 	  7.575717E-01	
  3.188031E+02	 	  7.633491E-01	
  3.189621E+02	 	  7.576928E-01	
  3.191211E+02	 	  7.674161E-01	
  3.192811E+02	 	  7.606382E-01	
  3.194401E+02	 	  7.527934E-01	
  3.195991E+02	 	  7.524514E-01	
  3.197591E+02	 	  7.643218E-01	
  3.199181E+02	 	  7.663464E-01	
  3.200771E+02	 	  7.551405E-01	
  3.202371E+02	 	  7.652648E-01	
  3.203961E+02	 	  7.635667E-01	
  3.205561E+02	 	  7.559814E-01	
  3.207151E+02	 	  7.470701E-01	
  3.208741E+02	 	  7.546988E-01	
  3.210341E+02	 	  7.584829E-01	
  3.211931E+02	 	  7.558439E-01	
  3.213521E+02	 	  7.504847E-01	
  3.215121E+02	 	  7.459455E-01	
  3.216711E+02	 	  7.501031E-01	
  3.218301E+02	 	  7.445610E-01	
  3.219901E+02	 	  7.439896E-01	
  3.221491E+02	 	  7.491915E-01	
  3.223091E+02	 	  7.465714E-01	
  3.224681E+02	 	  7.575294E-01	
  3.226271E+02	 	  7.504354E-01	
  3.227871E+02	 	  7.456590E-01	
  3.229461E+02	 	  7.436699E-01	
  3.231051E+02	 	  7.418626E-01	
  3.232651E+02	 	  7.453285E-01	
  3.234241E+02	 	  7.381771E-01	
  3.235831E+02	 	  7.511795E-01	
  3.237431E+02	 	  7.446630E-01	
  3.239021E+02	 	  7.352351E-01	
  3.240621E+02	 	  7.396590E-01	
  3.242211E+02	 	  7.343611E-01	
  3.243801E+02	 	  7.393326E-01	
  3.245401E+02	 	  7.356508E-01	
  3.246991E+02	 	  7.318968E-01	
  3.248581E+02	 	  7.285065E-01	
  3.250181E+02	 	  7.317607E-01	
  3.251771E+02	 	  7.251017E-01	
  3.253361E+02	 	  7.374563E-01	
  3.254961E+02	 	  7.257023E-01	
  3.256551E+02	 	  7.226729E-01	
  3.258151E+02	 	  7.296855E-01	
  3.259741E+02	 	  7.243350E-01	
  3.261331E+02	 	  7.298453E-01	
  3.262931E+02	 	  7.307943E-01	
  3.264521E+02	 	  7.340535E-01	
  3.266111E+02	 	  7.210752E-01	
  3.267711E+02	 	  7.221786E-01	
  3.269301E+02	 	  7.193804E-01	
  3.270891E+02	 	  7.097713E-01	
  3.272491E+02	 	  7.130650E-01	
  3.274081E+02	 	  7.157085E-01	
  3.275671E+02	 	  7.159588E-01	
  3.277271E+02	 	  7.171668E-01	
  3.278861E+02	 	  7.207704E-01	
  3.280461E+02	 	  7.141181E-01	
  3.282051E+02	 	  7.124023E-01	
  3.283641E+02	 	  7.089211E-01	
  3.285241E+02	 	  7.131520E-01	
  3.286831E+02	 	  7.122198E-01	
  3.288421E+02	 	  7.102737E-01	
  3.290021E+02	 	  7.111892E-01	
  3.291611E+02	 	  7.081563E-01	
  3.293201E+02	 	  7.023735E-01	
  3.294801E+02	 	  7.120466E-01	
  3.296391E+02	 	  7.056991E-01	
  3.297991E+02	 	  7.096657E-01	
  3.299581E+02	 	  7.124396E-01	
  3.301171E+02	 	  6.981991E-01	
  3.302771E+02	 	  7.013823E-01	
  3.304361E+02	 	  7.066623E-01	
  3.305951E+02	 	  6.995035E-01	
  3.307551E+02	 	  7.018777E-01	
  3.309141E+02	 	  7.046512E-01	
  3.310731E+02	 	  7.018090E-01	
  3.312331E+02	 	  6.954446E-01	
  3.313921E+02	 	  6.927642E-01	
  3.315521E+02	 	  6.998675E-01	
  3.317111E+02	 	  6.927006E-01	
  3.318701E+02	 	  6.919737E-01	
  3.320301E+02	 	  6.939955E-01	
  3.321891E+02	 	  6.901618E-01	
  3.323481E+02	 	  6.883702E-01	
  3.325081E+02	 	  6.880469E-01	
  3.326671E+02	 	  6.859394E-01	
  3.328261E+02	 	  6.895723E-01	
  3.329861E+02	 	  6.856357E-01	
  3.331451E+02	 	  6.873400E-01	
  3.333051E+02	 	  6.808740E-01	
  3.334641E+02	 	  6.853148E-01	
  3.336231E+02	 	  6.772677E-01	
  3.337831E+02	 	  6.750249E-01	
  3.339421E+02	 	  6.830718E-01	
  3.341011E+02	 	  6.802176E-01	
  3.342611E+02	 	  6.777586E-01	
  3.344201E+02	 	  6.849218E-01	
  3.345791E+02	 	  6.707953E-01	
  3.347391E+02	 	  6.725395E-01	
  3.348981E+02	 	  6.713871E-01	
  3.350581E+02	 	  6.820706E-01	
  3.352171E+02	 	  6.735241E-01	
  3.353761E+02	 	  6.687076E-01	
  3.355361E+02	 	  6.729242E-01	
  3.356951E+02	 	  6.701014E-01	
  3.358541E+02	 	  6.697669E-01	
  3.360141E+02	 	  6.778149E-01	
  3.361731E+02	 	  6.667873E-01	
  3.363321E+02	 	  6.654592E-01	
  3.364921E+02	 	  6.630553E-01	
  3.366511E+02	 	  6.705797E-01	
  3.368111E+02	 	  6.740823E-01	
  3.369701E+02	 	  6.656319E-01	
  3.371291E+02	 	  6.640166E-01	
  3.372891E+02	 	  6.562780E-01	
  3.374481E+02	 	  6.669363E-01	
  3.376071E+02	 	  6.615979E-01	
  3.377671E+02	 	  6.643920E-01	
  3.379261E+02	 	  6.612067E-01	
  3.380851E+02	 	  6.517985E-01	
  3.382451E+02	 	  6.607469E-01	
  3.384041E+02	 	  6.543181E-01	
  3.385641E+02	 	  6.611673E-01	
  3.387231E+02	 	  6.526362E-01	
  3.388821E+02	 	  6.623537E-01	
  3.390421E+02	 	  6.550854E-01	
  3.392011E+02	 	  6.531522E-01	
  3.393601E+02	 	  6.572036E-01	
  3.395201E+02	 	  6.492415E-01	
  3.396791E+02	 	  6.543124E-01	
  3.398381E+02	 	  6.557528E-01	
  3.399981E+02	 	  6.499642E-01	
  3.401571E+02	 	  6.437031E-01	
  3.403171E+02	 	  6.418273E-01	
  3.404761E+02	 	  6.523539E-01	
  3.406351E+02	 	  6.454148E-01	
  3.407951E+02	 	  6.459505E-01	
  3.409541E+02	 	  6.434839E-01	
  3.411131E+02	 	  6.490516E-01	
  3.412731E+02	 	  6.521263E-01	
  3.414321E+02	 	  6.410647E-01	
  3.415911E+02	 	  6.395459E-01	
  3.417511E+02	 	  6.446328E-01	
  3.419101E+02	 	  6.437757E-01	
  3.420701E+02	 	  6.434324E-01	
  3.422291E+02	 	  6.463926E-01	
  3.423881E+02	 	  6.393855E-01	
  3.425481E+02	 	  6.380578E-01	
  3.427071E+02	 	  6.427912E-01	
  3.428661E+02	 	  6.365787E-01	
  3.430261E+02	 	  6.428413E-01	
  3.431851E+02	 	  6.406935E-01	
  3.433441E+02	 	  6.342903E-01	
  3.435041E+02	 	  6.421732E-01	
  3.436631E+02	 	  6.359477E-01	
  3.438231E+02	 	  6.391252E-01	
  3.439821E+02	 	  6.435640E-01	
  3.441411E+02	 	  6.311854E-01	
  3.443011E+02	 	  6.335080E-01	
  3.444601E+02	 	  6.338260E-01	
  3.446191E+02	 	  6.306070E-01	
  3.447791E+02	 	  6.349093E-01	
  3.449381E+02	 	  6.428573E-01	
  3.450971E+02	 	  6.355991E-01	
  3.452571E+02	 	  6.401556E-01	
  3.454161E+02	 	  6.382774E-01	
  3.455751E+02	 	  6.374283E-01	
  3.457351E+02	 	  6.327964E-01	
  3.458941E+02	 	  6.313092E-01	
  3.460541E+02	 	  6.293805E-01	
  3.462131E+02	 	  6.239462E-01	
  3.463721E+02	 	  6.308967E-01	
  3.465321E+02	 	  6.312430E-01	
  3.466911E+02	 	  6.276487E-01	
  3.468501E+02	 	  6.327722E-01	
  3.470101E+02	 	  6.318399E-01	
  3.471691E+02	 	  6.337076E-01	
  3.473281E+02	 	  6.421163E-01	
  3.474881E+02	 	  6.324854E-01	
  3.476471E+02	 	  6.366247E-01	
  3.478071E+02	 	  6.338586E-01	
  3.479661E+02	 	  6.287515E-01	
  3.481251E+02	 	  6.283415E-01	
  3.482851E+02	 	  6.257975E-01	
  3.484441E+02	 	  6.240758E-01	
  3.486031E+02	 	  6.258065E-01	
  3.487631E+02	 	  6.339378E-01	
  3.489221E+02	 	  6.360971E-01	
  3.490811E+02	 	  6.340582E-01	
  3.492411E+02	 	  6.224729E-01	
  3.493740E+02	 	  6.261669E-01	
